Bijoux;28;1;;;;;;;2;1;;;;1;;;;;;;;;;;;;;;;;;;;;;;;;;;;;;;;;;;;;;;;/
Outils;29;1;;;;;;1;;1;;;1;;;;;;;;;;;;;;;;;;;;;;;;;;;;;;;;;;;;;;;;;/
Habit de luxe;30;1;;;;;;;;;;;;;;;;;;;;;;1;1;;;;;;;;;;;;;;;;;;;;;;;;;;;;;/
Machines-outil;31;5;;;;;;5;;3;;;;;;;;;;;;;;;;;;;;;;;1;;;;;;;;;;;;;;;;;;;;;/
Lasers;32;10;;;1;1;;;;;;;;;;;;;;;;;;;;;;;1;;;;;1;;;;;;;;;;;;;;;;;;;;/
Voitures;33;5;;;;;;5;;;;1;1;;1;;;;;;;;;;;;;;;;;;;1;;;;;;;;;;;;;;;;;;;;/
Verre;34;1;;;;;;;;;;;;;;5;;;;;;;;;;;;;;;;;;;;;;;;;;;;;;;;;;;;;;/
Reacteurs;35;10;;;;2;1;;;;5;1;;;;;;;;;;;;;;;;;20;;;;;5;;;;;;;;;;;;;;;;;;;;/
Armes de poing;36;2;;;;;;1;;;;1;;;;;;;;;;;;;;;;;;;;;1;;;;;;;;;;;;;;;;;;;;;/
Medicaments;37;1;;;;;;;;;;;;;;;1;;;;;1;;;;;;;;;;;;;;;;;;;;;;;;;;;;;;;;/
Protheses;38;2;;;;;;;;;;;1;;;;;;;;;;;;;;;;;;;;1;;;;;;;;;;;;;;;;;;;;;/
Ordinateurs;39;2;;;;;;;;;;1;;;;2;;;;;;;;;;;;;;;;;;;;;;;;;;;;;;;;;;;;;;/
Cyber-ameliorations;40;5;;;;;;;;1;;1;;;1;1;1;;;;;;;;;;;;;;;;;;;;;;;;;;;;;;;;;;;;;/
Drogues;41;1;;;;;;;;;;;;;;;1;;;;;1;1;;;;;;;;;;;;;;;;;;;;;;;;;;;;;;;/
Jouets;42;1;;;;;;1;;;;;;;;;;;;;;;;;;;;;;1;;;;;;;;;;;;;;;;;;;;;;;;/
Oeuvres d'art;43;1;;;;;;;1;;;;;;;;;;;5;;;;;;;;;;0;;;;;;;;;;;;;;;;;;;;;;;;/
Meubles;44;1;;;;;;1;;;;;;;;;;;;;;;;;;;;;;1;;;;;;;;;;;;;;;;;;;;;;;;/
Coques de vaisseau;45;20;;;;;;20;;;;5;;;10;;;;;;;;;;;;;;;;;;;5;;;;2;;;;;;;;;;;;;;;;/
Moteurs-fusee;46;10;10;;10;;;10;;;;2;10;;;;;;;;;;;;;;;;;;;;;5;;;;0;;;;;;;;;;;;;;;;/
Lances-missile;47;10;;;;10;10;;;;;2;;;;;;;;;;;;;;;;;1;;;;;1;;;;;;;;;;;;;;;;;;;;/
Carburant;48;1;5;;;;;;;;;;;;;;;;;;;;;;;;;;;;;;;;;;;;;;;;;;;;;;;;;;;/
Tanks;49;10;;;;;;10;;2;2;;1;;;;;;;;;;;;;;;;;;;;;5;1;;;;;;;;;;;;;;;;;;;/
Robots;50;5;;;;;;5;;;5;;;;;;;;;;;;;;;;;;1;;;;;1;;;;;;;;;;;;;;;;;;;;/
